0.12656312
71.0753069
198.605952
291.805782
355.718626
368.459806
376.768365
349.609174
323.236771
299.488223
258.280326
231.511766
194.375147
166.294341
144.586919
118.305118
101.470897
82.0458883
67.9791899
57.4554783
45.8527839
38.4692302
30.496311
24.829247
20.6519415
16.2429226
13.4478074
10.5317008
8.48053575
6.98142736
5.43871725
4.46314182
3.46659996
2.77033511
2.26428832
1.75207339
1.42872956
1.10312132
0.897692832
0.69175694
0.548761558
0.445369818
0.342322251
0.277385307
0.212882506
0.168232318
0.136032709
0.104189553
0.0841416137
0.0643674457
0.0507123332
0.0408850623
0.031225713
0.0251488523
0.00833925089
